https://en.wikipedia.org/wiki/Maximilian_I,_Holy_Roman_Emperor https://en.wikipedia.org/wiki/Emperor_Maximilian_(disambiguation)
https://en.wikipedia.org/wiki/Maximilian_I,_Holy_Roman_Emperor https://en.wikipedia.org/wiki/Emblem
https://en.wikipedia.org/wiki/Maximilian_I,_Holy_Roman_Emperor https://en.wikipedia.org/wiki/Pomegranate
https://en.wikipedia.org/wiki/Maximilian_I,_Holy_Roman_Emperor https://en.wikipedia.org/wiki/List_of_rulers_of_Austria#Archdukes_of_Austria
https://en.wikipedia.org/wiki/Maximilian_I,_Holy_Roman_Emperor https://en.wikipedia.org/wiki/Inner_Austria
https://en.wikipedia.org/wiki/Maximilian_I,_Holy_Roman_Emperor https://en.wikipedia.org/wiki/Archduchy_of_Austria
https://en.wikipedia.org/wiki/Maximilian_I,_Holy_Roman_Emperor https://en.wikipedia.org/wiki/Mary,_Duchess_of_Burgundy
https://en.wikipedia.org/wiki/Maximilian_I,_Holy_Roman_Emperor https://en.wikipedia.org/wiki/Anne,_Duchess_of_Brittany
https://en.wikipedia.org/wiki/Maximilian_I,_Holy_Roman_Emperor https://en.wikipedia.org/wiki/Dynasty
https://en.wikipedia.org/wiki/Maximilian_I,_Holy_Roman_Emperor https://en.wikipedia.org/wiki/Catholic_Church
https://en.wikipedia.org/wiki/Maximilian_I,_Holy_Roman_Emperor https://en.wikipedia.org/wiki/Habsburg_Spain
https://en.wikipedia.org/wiki/Maximilian_I,_Holy_Roman_Emperor https://en.wikipedia.org/wiki/Crown_of_Castile
https://en.wikipedia.org/wiki/Maximilian_I,_Holy_Roman_Emperor https://en.wikipedia.org/wiki/Crown_of_Aragon
https://en.wikipedia.org/wiki/Maximilian_I,_Holy_Roman_Emperor https://en.wikipedia.org/wiki/Maximilian_of_Tebessa
https://en.wikipedia.org/wiki/Maximilian_I,_Holy_Roman_Emperor https://en.wikipedia.org/wiki/Siege_of_Neuss
https://en.wikipedia.org/wiki/Maximilian_I,_Holy_Roman_Emperor https://en.wikipedia.org/wiki/Homage_(feudal)
https://en.wikipedia.org/wiki/Maximilian_I,_Holy_Roman_Emperor https://en.wikipedia.org/wiki/Order_of_the_Golden_Fleece
https://en.wikipedia.org/wiki/Maximilian_I,_Holy_Roman_Emperor https://en.wikipedia.org/wiki/France
https://en.wikipedia.org/wiki/Maximilian_I,_Holy_Roman_Emperor https://en.wikipedia.org/wiki/Low_Countries
https://en.wikipedia.org/wiki/Maximilian_I,_Holy_Roman_Emperor https://en.wikipedia.org/wiki/Battle_of_Nancy
https://en.wikipedia.org/wiki/Maximilian_I,_Holy_Roman_Emperor https://en.wikipedia.org/wiki/Salic_Law
https://en.wikipedia.org/wiki/Maximilian_I,_Holy_Roman_Emperor https://en.wikipedia.org/wiki/Louis_XI_of_France
https://en.wikipedia.org/wiki/Maximilian_I,_Holy_Roman_Emperor https://en.wikipedia.org/wiki/Battle_of_Guinegate_(1479)
https://en.wikipedia.org/wiki/Maximilian_I,_Holy_Roman_Emperor https://en.wikipedia.org/wiki/Enguinegatte
https://en.wikipedia.org/wiki/Maximilian_I,_Holy_Roman_Emperor https://en.wikipedia.org/wiki/Wijnendale_Castle
https://en.wikipedia.org/wiki/Maximilian_I,_Holy_Roman_Emperor https://en.wikipedia.org/wiki/Franche-Comt%C3%A9
https://en.wikipedia.org/wiki/Maximilian_I,_Holy_Roman_Emperor https://en.wikipedia.org/wiki/Artois
https://en.wikipedia.org/wiki/Maximilian_I,_Holy_Roman_Emperor https://en.wikipedia.org/wiki/Flemish_revolts_against_Maximilian_of_Austria
https://en.wikipedia.org/wiki/Maximilian_I,_Holy_Roman_Emperor https://en.wikipedia.org/wiki/Great_Privilege
https://en.wikipedia.org/wiki/Maximilian_I,_Holy_Roman_Emperor https://en.wikipedia.org/wiki/Treaty_of_Senlis
https://en.wikipedia.org/wiki/Maximilian_I,_Holy_Roman_Emperor https://en.wikipedia.org/wiki/Seventeen_Provinces
https://en.wikipedia.org/wiki/Maximilian_I,_Holy_Roman_Emperor https://en.wikipedia.org/wiki/Frankfurt-am-Main
https://en.wikipedia.org/wiki/Maximilian_I,_Holy_Roman_Emperor https://en.wikipedia.org/wiki/Aachen
https://en.wikipedia.org/wiki/Maximilian_I,_Holy_Roman_Emperor https://en.wikipedia.org/wiki/Sallet
https://en.wikipedia.org/wiki/Maximilian_I,_Holy_Roman_Emperor https://en.wikipedia.org/wiki/Lorenz_Helmschmid
https://en.wikipedia.org/wiki/Maximilian_I,_Holy_Roman_Emperor https://en.wikipedia.org/wiki/Metropolitan_Museum_of_Art
https://en.wikipedia.org/wiki/Maximilian_I,_Holy_Roman_Emperor https://en.wikipedia.org/wiki/Louis_XII_of_France
https://en.wikipedia.org/wiki/Maximilian_I,_Holy_Roman_Emperor https://en.wikipedia.org/wiki/Duchy_of_Milan
https://en.wikipedia.org/wiki/Maximilian_I,_Holy_Roman_Emperor https://en.wikipedia.org/wiki/Lodovico_il_Moro
https://en.wikipedia.org/wiki/Maximilian_I,_Holy_Roman_Emperor https://en.wikipedia.org/wiki/Galeazzo_Maria_Sforza
https://en.wikipedia.org/wiki/Maximilian_I,_Holy_Roman_Emperor https://en.wikipedia.org/wiki/Catholic_League_(Italian)
https://en.wikipedia.org/wiki/Maximilian_I,_Holy_Roman_Emperor https://en.wikipedia.org/wiki/Battle_of_the_Spurs
https://en.wikipedia.org/wiki/Maximilian_I,_Holy_Roman_Emperor https://en.wikipedia.org/wiki/Battle_of_Dornach
https://en.wikipedia.org/wiki/Maximilian_I,_Holy_Roman_Emperor https://en.wikipedia.org/wiki/Treaty_of_Basel_(1499)
https://en.wikipedia.org/wiki/Maximilian_I,_Holy_Roman_Emperor https://en.wikipedia.org/wiki/County_of_Tyrol
https://en.wikipedia.org/wiki/Maximilian_I,_Holy_Roman_Emperor https://en.wikipedia.org/wiki/Duchy_of_Bavaria
https://en.wikipedia.org/wiki/Maximilian_I,_Holy_Roman_Emperor https://en.wikipedia.org/wiki/Innsbruck
https://en.wikipedia.org/wiki/Maximilian_I,_Holy_Roman_Emperor https://en.wikipedia.org/wiki/Goldenes_Dachl
https://en.wikipedia.org/wiki/Maximilian_I,_Holy_Roman_Emperor https://en.wikipedia.org/wiki/Styria
https://en.wikipedia.org/wiki/Maximilian_I,_Holy_Roman_Emperor https://en.wikipedia.org/wiki/Bible
https://en.wikipedia.org/wiki/Maximilian_I,_Holy_Roman_Emperor https://en.wikipedia.org/wiki/Imperial_Reform
https://en.wikipedia.org/wiki/Maximilian_I,_Holy_Roman_Emperor https://en.wikipedia.org/wiki/War_of_the_Succession_of_Landshut
https://en.wikipedia.org/wiki/Maximilian_I,_Holy_Roman_Emperor https://en.wikipedia.org/wiki/1495_Reichstag
https://en.wikipedia.org/wiki/Maximilian_I,_Holy_Roman_Emperor https://en.wikipedia.org/wiki/Worms,_Germany
https://en.wikipedia.org/wiki/Maximilian_I,_Holy_Roman_Emperor https://en.wikipedia.org/wiki/Reichskammergericht
https://en.wikipedia.org/wiki/Maximilian_I,_Holy_Roman_Emperor https://en.wikipedia.org/wiki/Reichsregiment
https://en.wikipedia.org/wiki/Maximilian_I,_Holy_Roman_Emperor https://en.wikipedia.org/wiki/Nuremberg
https://en.wikipedia.org/wiki/Maximilian_I,_Holy_Roman_Emperor https://en.wikipedia.org/wiki/Lower_Austria
https://en.wikipedia.org/wiki/Maximilian_I,_Holy_Roman_Emperor https://en.wikipedia.org/wiki/Vorder%C3%B6sterreich
https://en.wikipedia.org/wiki/Maximilian_I,_Holy_Roman_Emperor https://en.wikipedia.org/wiki/Prince-elector
https://en.wikipedia.org/wiki/Maximilian_I,_Holy_Roman_Emperor https://en.wikipedia.org/wiki/Der_Weisskunig
https://en.wikipedia.org/wiki/Maximilian_I,_Holy_Roman_Emperor https://en.wikipedia.org/wiki/Anne_of_France
https://en.wikipedia.org/wiki/Maximilian_I,_Holy_Roman_Emperor https://en.wikipedia.org/wiki/Treaty_of_Le_Verger
https://en.wikipedia.org/wiki/Maximilian_I,_Holy_Roman_Emperor https://en.wikipedia.org/wiki/Francis_II,_Duke_of_Brittany
https://en.wikipedia.org/wiki/Maximilian_I,_Holy_Roman_Emperor https://en.wikipedia.org/wiki/Proxy_marriage
https://en.wikipedia.org/wiki/Maximilian_I,_Holy_Roman_Emperor https://en.wikipedia.org/wiki/Mathias_Corvinus
https://en.wikipedia.org/wiki/Maximilian_I,_Holy_Roman_Emperor https://en.wikipedia.org/wiki/King_of_Hungary
https://en.wikipedia.org/wiki/Maximilian_I,_Holy_Roman_Emperor https://en.wikipedia.org/wiki/Duke_of_Milan
https://en.wikipedia.org/wiki/Maximilian_I,_Holy_Roman_Emperor https://en.wikipedia.org/wiki/Ludovico_Sforza
https://en.wikipedia.org/wiki/Maximilian_I,_Holy_Roman_Emperor https://en.wikipedia.org/wiki/Bohemia
https://en.wikipedia.org/wiki/Maximilian_I,_Holy_Roman_Emperor https://en.wikipedia.org/wiki/Jagiellon_dynasty
https://en.wikipedia.org/wiki/Maximilian_I,_Holy_Roman_Emperor https://en.wikipedia.org/wiki/Ladislaus_II_of_Hungary_and_Bohemia
https://en.wikipedia.org/wiki/Maximilian_I,_Holy_Roman_Emperor https://en.wikipedia.org/wiki/Sigismund_I_the_Old
https://en.wikipedia.org/wiki/Maximilian_I,_Holy_Roman_Emperor https://en.wikipedia.org/wiki/Mary_of_Habsburg
https://en.wikipedia.org/wiki/Maximilian_I,_Holy_Roman_Emperor https://en.wikipedia.org/wiki/Louis_II_of_Hungary_and_Bohemia
https://en.wikipedia.org/wiki/Maximilian_I,_Holy_Roman_Emperor https://en.wikipedia.org/wiki/Anna_of_Bohemia_and_Hungary
https://en.wikipedia.org/wiki/Maximilian_I,_Holy_Roman_Emperor https://en.wikipedia.org/wiki/Latin
https://en.wikipedia.org/wiki/Maximilian_I,_Holy_Roman_Emperor https://en.wikipedia.org/wiki/Elegiac_couplet
https://en.wikipedia.org/wiki/Maximilian_I,_Holy_Roman_Emperor https://en.wikipedia.org/wiki/Italy
https://en.wikipedia.org/wiki/Maximilian_I,_Holy_Roman_Emperor https://en.wikipedia.org/wiki/Venice
https://en.wikipedia.org/wiki/Maximilian_I,_Holy_Roman_Emperor https://en.wikipedia.org/wiki/Francis_I_of_France
https://en.wikipedia.org/wiki/Maximilian_I,_Holy_Roman_Emperor https://en.wikipedia.org/wiki/Burg_Wiener_Neustadt
https://en.wikipedia.org/wiki/Maximilian_I,_Holy_Roman_Emperor https://en.wikipedia.org/wiki/Cenotaph
https://en.wikipedia.org/wiki/Maximilian_I,_Holy_Roman_Emperor https://en.wikipedia.org/wiki/Joachim_Vadian
https://en.wikipedia.org/wiki/Maximilian_I,_Holy_Roman_Emperor https://en.wikipedia.org/wiki/Andreas_Stoberl
https://en.wikipedia.org/wiki/Maximilian_I,_Holy_Roman_Emperor https://en.wikipedia.org/wiki/Theuerdank
https://en.wikipedia.org/wiki/Maximilian_I,_Holy_Roman_Emperor https://en.wikipedia.org/wiki/Woodblock_printing
https://en.wikipedia.org/wiki/Maximilian_I,_Holy_Roman_Emperor https://en.wikipedia.org/wiki/The_Triumphal_Arch
https://en.wikipedia.org/wiki/Maximilian_I,_Holy_Roman_Emperor https://en.wikipedia.org/wiki/Triumphal_Procession
https://en.wikipedia.org/wiki/Maximilian_I,_Holy_Roman_Emperor https://en.wikipedia.org/wiki/Large_Triumphal_Carriage
https://en.wikipedia.org/wiki/Maximilian_I,_Holy_Roman_Emperor https://en.wikipedia.org/wiki/Albrecht_Altdorfer
https://en.wikipedia.org/wiki/Maximilian_I,_Holy_Roman_Emperor https://en.wikipedia.org/wiki/Hans_Burgkmair
https://en.wikipedia.org/wiki/Maximilian_I,_Holy_Roman_Emperor https://en.wikipedia.org/wiki/Armour
https://en.wikipedia.org/wiki/Maximilian_I,_Holy_Roman_Emperor https://en.wikipedia.org/wiki/Maximilian_armour
https://en.wikipedia.org/wiki/Maximilian_I,_Holy_Roman_Emperor https://en.wikipedia.org/wiki/Henry_VIII_of_England
https://en.wikipedia.org/wiki/Maximilian_I,_Holy_Roman_Emperor https://en.wikipedia.org/wiki/Austria-Hungary
https://en.wikipedia.org/wiki/Maximilian_I,_Holy_Roman_Emperor https://en.wikipedia.org/wiki/Felipe_VI_of_Spain
https://en.wikipedia.org/wiki/Maximilian_I,_Holy_Roman_Emperor https://en.wikipedia.org/wiki/Elizabeth_II
https://en.wikipedia.org/wiki/Maximilian_I,_Holy_Roman_Emperor https://en.wikipedia.org/wiki/Albert_II,_Duke_of_Austria
https://en.wikipedia.org/wiki/Maximilian_I,_Holy_Roman_Emperor https://en.wikipedia.org/wiki/Leopold_III,_Duke_of_Austria
https://en.wikipedia.org/wiki/Maximilian_I,_Holy_Roman_Emperor https://en.wikipedia.org/wiki/Joanna_of_Pfirt
https://en.wikipedia.org/wiki/Maximilian_I,_Holy_Roman_Emperor https://en.wikipedia.org/wiki/Ernest,_Duke_of_Austria
https://en.wikipedia.org/wiki/Maximilian_I,_Holy_Roman_Emperor https://en.wikipedia.org/wiki/Bernab%C3%B2_Visconti
https://en.wikipedia.org/wiki/Maximilian_I,_Holy_Roman_Emperor https://en.wikipedia.org/wiki/Viridis_Visconti
https://en.wikipedia.org/wiki/Maximilian_I,_Holy_Roman_Emperor https://en.wikipedia.org/wiki/Beatrice_Regina_della_Scala
https://en.wikipedia.org/wiki/Maximilian_I,_Holy_Roman_Emperor https://en.wikipedia.org/wiki/Siemowit_III,_Duke_of_Masovia
https://en.wikipedia.org/wiki/Maximilian_I,_Holy_Roman_Emperor https://en.wikipedia.org/wiki/Siemowit_IV,_Duke_of_Masovia
https://en.wikipedia.org/wiki/Maximilian_I,_Holy_Roman_Emperor https://en.wikipedia.org/wiki/Cymburgis_of_Masovia
https://en.wikipedia.org/wiki/Maximilian_I,_Holy_Roman_Emperor https://en.wikipedia.org/wiki/Algirdas
https://en.wikipedia.org/wiki/Maximilian_I,_Holy_Roman_Emperor https://en.wikipedia.org/wiki/Alexandra_of_Lithuania
https://en.wikipedia.org/wiki/Maximilian_I,_Holy_Roman_Emperor https://en.wikipedia.org/wiki/Uliana_of_Tver
https://en.wikipedia.org/wiki/Maximilian_I,_Holy_Roman_Emperor https://en.wikipedia.org/wiki/Peter_I_of_Portugal
https://en.wikipedia.org/wiki/Maximilian_I,_Holy_Roman_Emperor https://en.wikipedia.org/wiki/John_I_of_Portugal
https://en.wikipedia.org/wiki/Maximilian_I,_Holy_Roman_Emperor https://en.wikipedia.org/wiki/Teresa_Louren%C3%A7o
https://en.wikipedia.org/wiki/Maximilian_I,_Holy_Roman_Emperor https://en.wikipedia.org/wiki/Edward,_King_of_Portugal
https://en.wikipedia.org/wiki/Maximilian_I,_Holy_Roman_Emperor https://en.wikipedia.org/wiki/John_of_Gaunt
https://en.wikipedia.org/wiki/Maximilian_I,_Holy_Roman_Emperor https://en.wikipedia.org/wiki/Philippa_of_Lancaster
https://en.wikipedia.org/wiki/Maximilian_I,_Holy_Roman_Emperor https://en.wikipedia.org/wiki/Blanche_of_Lancaster
https://en.wikipedia.org/wiki/Maximilian_I,_Holy_Roman_Emperor https://en.wikipedia.org/wiki/John_I_of_Castile
https://en.wikipedia.org/wiki/Maximilian_I,_Holy_Roman_Emperor https://en.wikipedia.org/wiki/Ferdinand_I_of_Aragon
https://en.wikipedia.org/wiki/Maximilian_I,_Holy_Roman_Emperor https://en.wikipedia.org/wiki/Eleanor_of_Aragon,_Queen_of_Castile
https://en.wikipedia.org/wiki/Maximilian_I,_Holy_Roman_Emperor https://en.wikipedia.org/wiki/Eleanor_of_Aragon,_Queen_of_Portugal
https://en.wikipedia.org/wiki/Maximilian_I,_Holy_Roman_Emperor https://en.wikipedia.org/wiki/Sancho_Alfonso,_1st_Count_of_Alburquerque
https://en.wikipedia.org/wiki/Maximilian_I,_Holy_Roman_Emperor https://en.wikipedia.org/wiki/Eleanor_of_Alburquerque
https://en.wikipedia.org/wiki/Maximilian_I,_Holy_Roman_Emperor https://en.wikipedia.org/wiki/Beatrice,_Countess_of_Alburquerque
https://en.wikipedia.org/wiki/Maximilian_I,_Holy_Roman_Emperor https://en.wikipedia.org/wiki/List_of_Holy_Roman_Emperors
https://en.wikipedia.org/wiki/Maximilian_I,_Holy_Roman_Emperor https://en.wikipedia.org/wiki/Order_of_the_Garter
https://en.wikipedia.org/wiki/Maximilian_I,_Holy_Roman_Emperor https://en.wikipedia.org/wiki/Henry_VII_of_England
https://en.wikipedia.org/wiki/Maximilian_I,_Holy_Roman_Emperor https://en.wikipedia.org/wiki/Garter_stall_plate
https://en.wikipedia.org/wiki/Maximilian_I,_Holy_Roman_Emperor https://en.wikipedia.org/wiki/St_George%27s_Chapel,_Windsor_Castle
https://en.wikipedia.org/wiki/Maximilian_I,_Holy_Roman_Emperor https://en.wikipedia.org/wiki/Ghent
https://en.wikipedia.org/wiki/Maximilian_I,_Holy_Roman_Emperor https://en.wikipedia.org/wiki/Margaret_of_Austria_(1480-1530)
https://en.wikipedia.org/wiki/Maximilian_I,_Holy_Roman_Emperor https://en.wikipedia.org/wiki/John,_Prince_of_Asturias
https://en.wikipedia.org/wiki/Maximilian_I,_Holy_Roman_Emperor https://en.wikipedia.org/wiki/Philibert_II_of_Savoy
https://en.wikipedia.org/wiki/Maximilian_I,_Holy_Roman_Emperor https://en.wikipedia.org/wiki/Rennes
https://en.wikipedia.org/wiki/Maximilian_I,_Holy_Roman_Emperor https://en.wikipedia.org/wiki/Pope_Innocent_VIII
https://en.wikipedia.org/wiki/Maximilian_I,_Holy_Roman_Emperor https://en.wikipedia.org/wiki/Marguerite_de_Helfenstein
https://en.wikipedia.org/wiki/Maximilian_I,_Holy_Roman_Emperor https://en.wikipedia.org/wiki/German_Peasants%27_War
https://en.wikipedia.org/wiki/Maximilian_I,_Holy_Roman_Emperor https://en.wikipedia.org/wiki/George_of_Austria
https://en.wikipedia.org/wiki/Maximilian_I,_Holy_Roman_Emperor https://en.wikipedia.org/wiki/Prince-Bishop_of_Li%C3%A8ge
https://en.wikipedia.org/wiki/Maximilian_I,_Holy_Roman_Emperor https://en.wikipedia.org/wiki/Leopoldo_de_Austria
https://en.wikipedia.org/wiki/Maximilian_I,_Holy_Roman_Emperor https://en.wikipedia.org/wiki/Bishop_of_C%C3%B3rdoba,_Spain
https://en.wikipedia.org/wiki/Maximilian_I,_Holy_Roman_Emperor https://en.wikipedia.org/wiki/Mary_of_Hungary_(governor_of_the_Netherlands)
https://en.wikipedia.org/wiki/Maximilian_I,_Holy_Roman_Emperor https://en.wikipedia.org/wiki/Johan_I_of_East_Frisia
https://en.wikipedia.org/wiki/Maximilian_I,_Holy_Roman_Emperor https://en.wikipedia.org/wiki/Epinoy
https://en.wikipedia.org/wiki/Maximilian_I,_Holy_Roman_Emperor https://en.wikipedia.org/wiki/Peter_Paul_Rubens
https://en.wikipedia.org/wiki/Maximilian_I,_Holy_Roman_Emperor https://en.wikipedia.org/wiki/Family_tree_of_the_German_monarchs
https://en.wikipedia.org/wiki/Maximilian_I,_Holy_Roman_Emperor https://en.wikipedia.org/wiki/Landsknecht
https://en.wikipedia.org/wiki/Maximilian_I,_Holy_Roman_Emperor https://en.wikipedia.org/wiki/Heiko_Oberman
https://en.wikipedia.org/wiki/Maximilian_I,_Holy_Roman_Emperor https://en.wikipedia.org/wiki/JSTOR
https://en.wikipedia.org/wiki/Maximilian_I,_Holy_Roman_Emperor https://en.wikipedia.org/wiki/Encyclop%C3%A6dia_Britannica
https://en.wikipedia.org/wiki/Maximilian_I,_Holy_Roman_Emperor https://en.wikipedia.org/wiki/Habsburg
https://en.wikipedia.org/wiki/Maximilian_I,_Holy_Roman_Emperor https://en.wikipedia.org/wiki/Sigismund_of_Austria
https://en.wikipedia.org/wiki/Maximilian_I,_Holy_Roman_Emperor https://en.wikipedia.org/wiki/Dukes_of_Brabant
https://en.wikipedia.org/wiki/Maximilian_I,_Holy_Roman_Emperor https://en.wikipedia.org/wiki/Dukes_of_Limburg
https://en.wikipedia.org/wiki/Maximilian_I,_Holy_Roman_Emperor https://en.wikipedia.org/wiki/Dukes_of_Lothier
https://en.wikipedia.org/wiki/Maximilian_I,_Holy_Roman_Emperor https://en.wikipedia.org/wiki/Counts,_Dukes_and_Grand_Dukes_of_Luxembourg
https://en.wikipedia.org/wiki/Maximilian_I,_Holy_Roman_Emperor https://en.wikipedia.org/wiki/Dukes_of_Guelders
https://en.wikipedia.org/wiki/Maximilian_I,_Holy_Roman_Emperor https://en.wikipedia.org/wiki/Marquis_of_Namur
https://en.wikipedia.org/wiki/Maximilian_I,_Holy_Roman_Emperor https://en.wikipedia.org/wiki/Count_of_Zutphen
https://en.wikipedia.org/wiki/Maximilian_I,_Holy_Roman_Emperor https://en.wikipedia.org/wiki/Counts_of_Artois
https://en.wikipedia.org/wiki/Maximilian_I,_Holy_Roman_Emperor https://en.wikipedia.org/wiki/Counts_of_Flanders
https://en.wikipedia.org/wiki/Maximilian_I,_Holy_Roman_Emperor https://en.wikipedia.org/wiki/Charolais_(county)
https://en.wikipedia.org/wiki/Maximilian_I,_Holy_Roman_Emperor https://en.wikipedia.org/wiki/Counts_of_Hainaut
https://en.wikipedia.org/wiki/Maximilian_I,_Holy_Roman_Emperor https://en.wikipedia.org/wiki/Count_of_Holland
https://en.wikipedia.org/wiki/Maximilian_I,_Holy_Roman_Emperor https://en.wikipedia.org/wiki/Count_of_Zeeland
https://en.wikipedia.org/wiki/Maximilian_I,_Holy_Roman_Emperor https://en.wikipedia.org/wiki/List_of_counts_of_Burgundy
https://en.wikipedia.org/wiki/Maximilian_I,_Holy_Roman_Emperor https://en.wikipedia.org/wiki/Charlemagne
https://en.wikipedia.org/wiki/Maximilian_I,_Holy_Roman_Emperor https://en.wikipedia.org/wiki/Louis_the_Pious
https://en.wikipedia.org/wiki/Maximilian_I,_Holy_Roman_Emperor https://en.wikipedia.org/wiki/Lothair_I
https://en.wikipedia.org/wiki/Maximilian_I,_Holy_Roman_Emperor https://en.wikipedia.org/wiki/Louis_II_of_Italy
https://en.wikipedia.org/wiki/Maximilian_I,_Holy_Roman_Emperor https://en.wikipedia.org/wiki/Charles_the_Bald
https://en.wikipedia.org/wiki/Maximilian_I,_Holy_Roman_Emperor https://en.wikipedia.org/wiki/Guy_III_of_Spoleto
https://en.wikipedia.org/wiki/Maximilian_I,_Holy_Roman_Emperor https://en.wikipedia.org/wiki/Lambert_of_Italy
https://en.wikipedia.org/wiki/Maximilian_I,_Holy_Roman_Emperor https://en.wikipedia.org/wiki/Louis_the_Blind
https://en.wikipedia.org/wiki/Maximilian_I,_Holy_Roman_Emperor https://en.wikipedia.org/wiki/Berengar_I_of_Italy
https://en.wikipedia.org/wiki/Maximilian_I,_Holy_Roman_Emperor https://en.wikipedia.org/wiki/List_of_German_monarchs
https://en.wikipedia.org/wiki/Maximilian_I,_Holy_Roman_Emperor https://en.wikipedia.org/wiki/Germany
https://en.wikipedia.org/wiki/Maximilian_I,_Holy_Roman_Emperor https://en.wikipedia.org/wiki/Louis_the_German
https://en.wikipedia.org/wiki/Maximilian_I,_Holy_Roman_Emperor https://en.wikipedia.org/wiki/Carloman_of_Bavaria
https://en.wikipedia.org/wiki/Maximilian_I,_Holy_Roman_Emperor https://en.wikipedia.org/wiki/Louis_the_Younger
https://en.wikipedia.org/wiki/Maximilian_I,_Holy_Roman_Emperor https://en.wikipedia.org/wiki/Louis_the_Child
https://en.wikipedia.org/wiki/Maximilian_I,_Holy_Roman_Emperor https://en.wikipedia.org/wiki/Conrad_I_of_Germany
https://en.wikipedia.org/wiki/Maximilian_I,_Holy_Roman_Emperor https://en.wikipedia.org/wiki/Henry_the_Fowler
https://en.wikipedia.org/wiki/Maximilian_I,_Holy_Roman_Emperor https://en.wikipedia.org/wiki/Arnulf_the_Bad
https://en.wikipedia.org/wiki/Maximilian_I,_Holy_Roman_Emperor https://en.wikipedia.org/wiki/Kingdom_of_Germany
https://en.wikipedia.org/wiki/Maximilian_I,_Holy_Roman_Emperor https://en.wikipedia.org/wiki/Rudolf_of_Rheinfelden
https://en.wikipedia.org/wiki/Maximilian_I,_Holy_Roman_Emperor https://en.wikipedia.org/wiki/Hermann_of_Salm
https://en.wikipedia.org/wiki/Maximilian_I,_Holy_Roman_Emperor https://en.wikipedia.org/wiki/Conrad_II_of_Italy
https://en.wikipedia.org/wiki/Maximilian_I,_Holy_Roman_Emperor https://en.wikipedia.org/wiki/Conrad_III_of_Germany
https://en.wikipedia.org/wiki/Maximilian_I,_Holy_Roman_Emperor https://en.wikipedia.org/wiki/Henry_Berengar
https://en.wikipedia.org/wiki/Maximilian_I,_Holy_Roman_Emperor https://en.wikipedia.org/wiki/Philip_of_Swabia
https://en.wikipedia.org/wiki/Maximilian_I,_Holy_Roman_Emperor https://en.wikipedia.org/wiki/Henry_(VII)_of_Germany
https://en.wikipedia.org/wiki/Maximilian_I,_Holy_Roman_Emperor https://en.wikipedia.org/wiki/Conrad_IV_of_Germany
https://en.wikipedia.org/wiki/Maximilian_I,_Holy_Roman_Emperor https://en.wikipedia.org/wiki/Henry_Raspe
https://en.wikipedia.org/wiki/Maximilian_I,_Holy_Roman_Emperor https://en.wikipedia.org/wiki/William,_King_of_the_Romans
https://en.wikipedia.org/wiki/Maximilian_I,_Holy_Roman_Emperor https://en.wikipedia.org/wiki/Richard,_Earl_of_Cornwall
https://en.wikipedia.org/wiki/Maximilian_I,_Holy_Roman_Emperor https://en.wikipedia.org/wiki/Alfonso_X_of_Castile
https://en.wikipedia.org/wiki/Maximilian_I,_Holy_Roman_Emperor https://en.wikipedia.org/wiki/Rudolf_I_of_Germany
https://en.wikipedia.org/wiki/Maximilian_I,_Holy_Roman_Emperor https://en.wikipedia.org/wiki/Adolf_of_Germany
https://en.wikipedia.org/wiki/Maximilian_I,_Holy_Roman_Emperor https://en.wikipedia.org/wiki/Albert_I_of_Germany
https://en.wikipedia.org/wiki/Maximilian_I,_Holy_Roman_Emperor https://en.wikipedia.org/wiki/Frederick_the_Fair
https://en.wikipedia.org/wiki/Maximilian_I,_Holy_Roman_Emperor https://en.wikipedia.org/wiki/G%C3%BCnther_von_Schwarzburg
https://en.wikipedia.org/wiki/Maximilian_I,_Holy_Roman_Emperor https://en.wikipedia.org/wiki/Rupert,_King_of_Germany
https://en.wikipedia.org/wiki/Maximilian_I,_Holy_Roman_Emperor https://en.wikipedia.org/wiki/Albert_II_of_Germany
https://en.wikipedia.org/wiki/Maximilian_I,_Holy_Roman_Emperor https://en.wikipedia.org/wiki/Confederation_of_the_Rhine
https://en.wikipedia.org/wiki/Maximilian_I,_Holy_Roman_Emperor https://en.wikipedia.org/wiki/Napoleon
https://en.wikipedia.org/wiki/Maximilian_I,_Holy_Roman_Emperor https://en.wikipedia.org/wiki/German_Empire_(1848/1849)
https://en.wikipedia.org/wiki/Maximilian_I,_Holy_Roman_Emperor https://en.wikipedia.org/wiki/North_German_Confederation
https://en.wikipedia.org/wiki/Maximilian_I,_Holy_Roman_Emperor https://en.wikipedia.org/wiki/German_Empire
https://en.wikipedia.org/wiki/Maximilian_I,_Holy_Roman_Emperor https://en.wikipedia.org/wiki/Frederick_III,_German_Emperor
https://en.wikipedia.org/wiki/Maximilian_I,_Holy_Roman_Emperor https://en.wikipedia.org/wiki/Wilhelm_II,_German_Emperor
https://en.wikipedia.org/wiki/Maximilian_I,_Holy_Roman_Emperor https://en.wikipedia.org/wiki/List_of_monarchs_of_Luxembourg
https://en.wikipedia.org/wiki/Maximilian_I,_Holy_Roman_Emperor https://en.wikipedia.org/wiki/Luxembourg
https://en.wikipedia.org/wiki/Maximilian_I,_Holy_Roman_Emperor https://en.wikipedia.org/wiki/County_of_Luxemburg
https://en.wikipedia.org/wiki/Maximilian_I,_Holy_Roman_Emperor https://en.wikipedia.org/wiki/Sigfried,_Count_of_the_Ardennes
https://en.wikipedia.org/wiki/Maximilian_I,_Holy_Roman_Emperor https://en.wikipedia.org/wiki/Henry_V,_Duke_of_Bavaria
https://en.wikipedia.org/wiki/Maximilian_I,_Holy_Roman_Emperor https://en.wikipedia.org/wiki/Henry_VII,_Duke_of_Bavaria
https://en.wikipedia.org/wiki/Maximilian_I,_Holy_Roman_Emperor https://en.wikipedia.org/wiki/Giselbert_of_Luxembourg
https://en.wikipedia.org/wiki/Maximilian_I,_Holy_Roman_Emperor https://en.wikipedia.org/wiki/Conrad_I,_Count_of_Luxembourg
https://en.wikipedia.org/wiki/Maximilian_I,_Holy_Roman_Emperor https://en.wikipedia.org/wiki/Henry_III,_Count_of_Luxembourg
https://en.wikipedia.org/wiki/Maximilian_I,_Holy_Roman_Emperor https://en.wikipedia.org/wiki/William,_Count_of_Luxembourg
https://en.wikipedia.org/wiki/Maximilian_I,_Holy_Roman_Emperor https://en.wikipedia.org/wiki/Conrad_II,_Count_of_Luxembourg
https://en.wikipedia.org/wiki/Maximilian_I,_Holy_Roman_Emperor https://en.wikipedia.org/wiki/Henry_IV,_Count_of_Luxembourg
https://en.wikipedia.org/wiki/Maximilian_I,_Holy_Roman_Emperor https://en.wikipedia.org/wiki/House_of_Hohenstaufen
https://en.wikipedia.org/wiki/Maximilian_I,_Holy_Roman_Emperor https://en.wikipedia.org/wiki/Otto_I,_Count_of_Burgundy
https://en.wikipedia.org/wiki/Maximilian_I,_Holy_Roman_Emperor https://en.wikipedia.org/wiki/Ermesinde,_Countess_of_Luxembourg
https://en.wikipedia.org/wiki/Maximilian_I,_Holy_Roman_Emperor https://en.wikipedia.org/wiki/Theobald_I,_Count_of_Bar
https://en.wikipedia.org/wiki/Maximilian_I,_Holy_Roman_Emperor https://en.wikipedia.org/wiki/Waleran_III,_Duke_of_Limburg
https://en.wikipedia.org/wiki/Maximilian_I,_Holy_Roman_Emperor https://en.wikipedia.org/wiki/Henry_V_of_Luxembourg
https://en.wikipedia.org/wiki/Maximilian_I,_Holy_Roman_Emperor https://en.wikipedia.org/wiki/Henry_VI,_Count_of_Luxembourg
https://en.wikipedia.org/wiki/Maximilian_I,_Holy_Roman_Emperor https://en.wikipedia.org/wiki/John_of_Bohemia
https://en.wikipedia.org/wiki/Maximilian_I,_Holy_Roman_Emperor https://en.wikipedia.org/wiki/Duchy_of_Luxemburg
https://en.wikipedia.org/wiki/Maximilian_I,_Holy_Roman_Emperor https://en.wikipedia.org/wiki/Elizabeth_of_G%C3%B6rlitz
https://en.wikipedia.org/wiki/Maximilian_I,_Holy_Roman_Emperor https://en.wikipedia.org/wiki/Anthony,_Duke_of_Brabant
https://en.wikipedia.org/wiki/Maximilian_I,_Holy_Roman_Emperor https://en.wikipedia.org/wiki/John_III,_Duke_of_Bavaria
https://en.wikipedia.org/wiki/Maximilian_I,_Holy_Roman_Emperor https://en.wikipedia.org/wiki/House_of_Valois-Burgundy
https://en.wikipedia.org/wiki/Maximilian_I,_Holy_Roman_Emperor https://en.wikipedia.org/wiki/Philip_the_Good
https://en.wikipedia.org/wiki/Maximilian_I,_Holy_Roman_Emperor https://en.wikipedia.org/wiki/Isabella_Clara_Eugenia
https://en.wikipedia.org/wiki/Maximilian_I,_Holy_Roman_Emperor https://en.wikipedia.org/wiki/House_of_Bourbon
https://en.wikipedia.org/wiki/Maximilian_I,_Holy_Roman_Emperor https://en.wikipedia.org/wiki/Philip_V_of_Spain
https://en.wikipedia.org/wiki/Maximilian_I,_Holy_Roman_Emperor https://en.wikipedia.org/wiki/House_of_Wittelsbach
https://en.wikipedia.org/wiki/Maximilian_I,_Holy_Roman_Emperor https://en.wikipedia.org/wiki/Maximilian_II_Emanuel,_Elector_of_Bavaria
https://en.wikipedia.org/wiki/Maximilian_I,_Holy_Roman_Emperor https://en.wikipedia.org/wiki/Maria_Theresa
https://en.wikipedia.org/wiki/Maximilian_I,_Holy_Roman_Emperor https://en.wikipedia.org/wiki/House_of_Lorraine
https://en.wikipedia.org/wiki/Maximilian_I,_Holy_Roman_Emperor https://en.wikipedia.org/wiki/Grand_Duchy_of_Luxembourg
https://en.wikipedia.org/wiki/Maximilian_I,_Holy_Roman_Emperor https://en.wikipedia.org/wiki/House_of_Orange-Nassau
https://en.wikipedia.org/wiki/Maximilian_I,_Holy_Roman_Emperor https://en.wikipedia.org/wiki/William_I_of_the_Netherlands
https://en.wikipedia.org/wiki/Maximilian_I,_Holy_Roman_Emperor https://en.wikipedia.org/wiki/William_II_of_the_Netherlands
https://en.wikipedia.org/wiki/Maximilian_I,_Holy_Roman_Emperor https://en.wikipedia.org/wiki/William_III_of_the_Netherlands
https://en.wikipedia.org/wiki/Maximilian_I,_Holy_Roman_Emperor https://en.wikipedia.org/wiki/House_of_Nassau-Weilburg
https://en.wikipedia.org/wiki/Maximilian_I,_Holy_Roman_Emperor https://en.wikipedia.org/wiki/Adolphe,_Grand_Duke_of_Luxembourg
https://en.wikipedia.org/wiki/Maximilian_I,_Holy_Roman_Emperor https://en.wikipedia.org/wiki/William_IV,_Grand_Duke_of_Luxembourg
https://en.wikipedia.org/wiki/Maximilian_I,_Holy_Roman_Emperor https://en.wikipedia.org/wiki/Marie-Ad%C3%A9la%C3%AFde,_Grand_Duchess_of_Luxembourg
https://en.wikipedia.org/wiki/Maximilian_I,_Holy_Roman_Emperor https://en.wikipedia.org/wiki/Charlotte,_Grand_Duchess_of_Luxembourg
https://en.wikipedia.org/wiki/Maximilian_I,_Holy_Roman_Emperor https://en.wikipedia.org/wiki/Jean,_Grand_Duke_of_Luxembourg
https://en.wikipedia.org/wiki/Maximilian_I,_Holy_Roman_Emperor https://en.wikipedia.org/wiki/Henri,_Grand_Duke_of_Luxembourg
https://en.wikipedia.org/wiki/Maximilian_I,_Holy_Roman_Emperor https://en.wikipedia.org/wiki/Archduke#Other_dynastic_Habsburg_use
https://en.wikipedia.org/wiki/Maximilian_I,_Holy_Roman_Emperor https://en.wikipedia.org/wiki/Sigismund,_Archduke_of_Austria
https://en.wikipedia.org/wiki/Maximilian_I,_Holy_Roman_Emperor https://en.wikipedia.org/wiki/Ferdinand_II,_Archduke_of_Austria
https://en.wikipedia.org/wiki/Maximilian_I,_Holy_Roman_Emperor https://en.wikipedia.org/wiki/Charles_II,_Archduke_of_Austria
https://en.wikipedia.org/wiki/Maximilian_I,_Holy_Roman_Emperor https://en.wikipedia.org/wiki/Carlos,_Prince_of_Asturias
https://en.wikipedia.org/wiki/Maximilian_I,_Holy_Roman_Emperor https://en.wikipedia.org/wiki/Archduke_Ernest_of_Austria
https://en.wikipedia.org/wiki/Maximilian_I,_Holy_Roman_Emperor https://en.wikipedia.org/wiki/Maximilian_III,_Archduke_of_Austria
https://en.wikipedia.org/wiki/Maximilian_I,_Holy_Roman_Emperor https://en.wikipedia.org/wiki/Ferdinand,_Prince_of_Asturias
https://en.wikipedia.org/wiki/Maximilian_I,_Holy_Roman_Emperor https://en.wikipedia.org/wiki/Diego,_Prince_of_Asturias
https://en.wikipedia.org/wiki/Maximilian_I,_Holy_Roman_Emperor https://en.wikipedia.org/wiki/Philip_III_of_Spain
https://en.wikipedia.org/wiki/Maximilian_I,_Holy_Roman_Emperor https://en.wikipedia.org/wiki/Archduke_Maximilian_Ernest_of_Austria
https://en.wikipedia.org/wiki/Maximilian_I,_Holy_Roman_Emperor https://en.wikipedia.org/wiki/Leopold_V,_Archduke_of_Austria
https://en.wikipedia.org/wiki/Maximilian_I,_Holy_Roman_Emperor https://en.wikipedia.org/wiki/Charles_of_Austria,_Bishop_of_Wroclaw
https://en.wikipedia.org/wiki/Maximilian_I,_Holy_Roman_Emperor https://en.wikipedia.org/wiki/Infante_Carlos_of_Spain_(1607%E2%80%931632)
https://en.wikipedia.org/wiki/Maximilian_I,_Holy_Roman_Emperor https://en.wikipedia.org/wiki/Cardinal-Infante_Ferdinand_of_Austria
https://en.wikipedia.org/wiki/Maximilian_I,_Holy_Roman_Emperor https://en.wikipedia.org/wiki/Archduke_Leopold_Wilhelm_of_Austria
https://en.wikipedia.org/wiki/Maximilian_I,_Holy_Roman_Emperor https://en.wikipedia.org/wiki/Ferdinand_Charles,_Archduke_of_Austria
https://en.wikipedia.org/wiki/Maximilian_I,_Holy_Roman_Emperor https://en.wikipedia.org/wiki/Sigismund_Francis,_Archduke_of_Austria
https://en.wikipedia.org/wiki/Maximilian_I,_Holy_Roman_Emperor https://en.wikipedia.org/wiki/Balthasar_Charles,_Prince_of_Asturias
https://en.wikipedia.org/wiki/Maximilian_I,_Holy_Roman_Emperor https://en.wikipedia.org/wiki/Archduke_Charles_Joseph_of_Austria
https://en.wikipedia.org/wiki/Maximilian_I,_Holy_Roman_Emperor https://en.wikipedia.org/wiki/Philip_Prospero,_Prince_of_Asturias
https://en.wikipedia.org/wiki/Maximilian_I,_Holy_Roman_Emperor https://en.wikipedia.org/wiki/Archduke_Leopold_Joseph_of_Austria_(1682%E2%80%931684)
https://en.wikipedia.org/wiki/Maximilian_I,_Holy_Roman_Emperor https://en.wikipedia.org/wiki/Archduke_Leopold_Joseph_of_Austria_(1700%E2%80%931701)
https://en.wikipedia.org/wiki/Maximilian_I,_Holy_Roman_Emperor https://en.wikipedia.org/wiki/Archduke_Charles_Joseph_of_Austria_(1745%E2%80%931761)
https://en.wikipedia.org/wiki/Maximilian_I,_Holy_Roman_Emperor https://en.wikipedia.org/wiki/Ferdinand_of_Austria-Este
https://en.wikipedia.org/wiki/Maximilian_I,_Holy_Roman_Emperor https://en.wikipedia.org/wiki/Archduke_Maximilian_Francis_of_Austria
https://en.wikipedia.org/wiki/Maximilian_I,_Holy_Roman_Emperor https://en.wikipedia.org/wiki/Ferdinand_III,_Grand_Duke_of_Tuscany
https://en.wikipedia.org/wiki/Maximilian_I,_Holy_Roman_Emperor https://en.wikipedia.org/wiki/Archduke_Charles,_Duke_of_Teschen
https://en.wikipedia.org/wiki/Maximilian_I,_Holy_Roman_Emperor https://en.wikipedia.org/wiki/Archduke_Alexander_Leopold_of_Austria
https://en.wikipedia.org/wiki/Maximilian_I,_Holy_Roman_Emperor https://en.wikipedia.org/wiki/Archduke_Joseph,_Palatine_of_Hungary
https://en.wikipedia.org/wiki/Maximilian_I,_Holy_Roman_Emperor https://en.wikipedia.org/wiki/Archduke_Anton_Victor_of_Austria
https://en.wikipedia.org/wiki/Maximilian_I,_Holy_Roman_Emperor https://en.wikipedia.org/wiki/Archduke_Rainer_Joseph_of_Austria
https://en.wikipedia.org/wiki/Maximilian_I,_Holy_Roman_Emperor https://en.wikipedia.org/wiki/Archduke_Louis_of_Austria
https://en.wikipedia.org/wiki/Maximilian_I,_Holy_Roman_Emperor https://en.wikipedia.org/wiki/Archduke_Rudolf_of_Austria_(1788%E2%80%931831)
https://en.wikipedia.org/wiki/Maximilian_I,_Holy_Roman_Emperor https://en.wikipedia.org/wiki/Archduke_Joseph_Franz_of_Austria
https://en.wikipedia.org/wiki/Maximilian_I,_Holy_Roman_Emperor https://en.wikipedia.org/wiki/Francis_IV,_Duke_of_Modena
https://en.wikipedia.org/wiki/Maximilian_I,_Holy_Roman_Emperor https://en.wikipedia.org/wiki/Archduke_Ferdinand_Karl_Joseph_of_Austria-Este
https://en.wikipedia.org/wiki/Maximilian_I,_Holy_Roman_Emperor https://en.wikipedia.org/wiki/Archduke_Maximilian_of_Austria-Este
https://en.wikipedia.org/wiki/Maximilian_I,_Holy_Roman_Emperor https://en.wikipedia.org/wiki/Archduke_Karl_of_Austria-Este
https://en.wikipedia.org/wiki/Maximilian_I,_Holy_Roman_Emperor https://en.wikipedia.org/wiki/Leopold_II,_Grand_Duke_of_Tuscany
https://en.wikipedia.org/wiki/Maximilian_I,_Holy_Roman_Emperor https://en.wikipedia.org/wiki/Archduke_Franz_Karl_of_Austria
https://en.wikipedia.org/wiki/Maximilian_I,_Holy_Roman_Emperor https://en.wikipedia.org/wiki/Archduke_Johann_Nepomuk_of_Austria
https://en.wikipedia.org/wiki/Maximilian_I,_Holy_Roman_Emperor https://en.wikipedia.org/wiki/Archduke_Albrecht,_Duke_of_Teschen
https://en.wikipedia.org/wiki/Maximilian_I,_Holy_Roman_Emperor https://en.wikipedia.org/wiki/Archduke_Stephen,_Palatine_of_Hungary
https://en.wikipedia.org/wiki/Maximilian_I,_Holy_Roman_Emperor https://en.wikipedia.org/wiki/Archduke_Karl_Ferdinand_of_Austria
https://en.wikipedia.org/wiki/Maximilian_I,_Holy_Roman_Emperor https://en.wikipedia.org/wiki/Francis_V,_Duke_of_Modena
https://en.wikipedia.org/wiki/Maximilian_I,_Holy_Roman_Emperor https://en.wikipedia.org/wiki/Archduke_Friedrich_of_Austria_(1821%E2%80%931847)
https://en.wikipedia.org/wiki/Maximilian_I,_Holy_Roman_Emperor https://en.wikipedia.org/wiki/Archduke_Ferdinand_Karl_Viktor_of_Austria-Este
https://en.wikipedia.org/wiki/Maximilian_I,_Holy_Roman_Emperor https://en.wikipedia.org/wiki/Archduke_Leopold_Ludwig_of_Austria
https://en.wikipedia.org/wiki/Maximilian_I,_Holy_Roman_Emperor https://en.wikipedia.org/wiki/Archduke_Ernest_of_Austria_(1824%E2%80%931899)
https://en.wikipedia.org/wiki/Maximilian_I,_Holy_Roman_Emperor https://en.wikipedia.org/wiki/Archduke_Rainer_Ferdinand_of_Austria
https://en.wikipedia.org/wiki/Maximilian_I,_Holy_Roman_Emperor https://en.wikipedia.org/wiki/Archduke_Wilhelm_Franz_of_Austria
https://en.wikipedia.org/wiki/Maximilian_I,_Holy_Roman_Emperor https://en.wikipedia.org/wiki/Archduke_Heinrich_Anton_of_Austria
https://en.wikipedia.org/wiki/Maximilian_I,_Holy_Roman_Emperor https://en.wikipedia.org/wiki/Archduke_Joseph_Karl_of_Austria
https://en.wikipedia.org/wiki/Maximilian_I,_Holy_Roman_Emperor https://en.wikipedia.org/wiki/Maximilian_I_of_Mexico
https://en.wikipedia.org/wiki/Maximilian_I,_Holy_Roman_Emperor https://en.wikipedia.org/wiki/Archduke_Karl_Ludwig_of_Austria
https://en.wikipedia.org/wiki/Maximilian_I,_Holy_Roman_Emperor https://en.wikipedia.org/wiki/Archduke_Ludwig_Viktor_of_Austria
https://en.wikipedia.org/wiki/Maximilian_I,_Holy_Roman_Emperor https://en.wikipedia.org/wiki/Ferdinand_IV,_Grand_Duke_of_Tuscany
https://en.wikipedia.org/wiki/Maximilian_I,_Holy_Roman_Emperor https://en.wikipedia.org/wiki/Archduke_Karl_Salvator_of_Austria
https://en.wikipedia.org/wiki/Maximilian_I,_Holy_Roman_Emperor https://en.wikipedia.org/wiki/Archduke_Ludwig_Salvator_of_Austria
https://en.wikipedia.org/wiki/Maximilian_I,_Holy_Roman_Emperor https://en.wikipedia.org/wiki/Archduke_Johann_Salvator_of_Austria
https://en.wikipedia.org/wiki/Maximilian_I,_Holy_Roman_Emperor https://en.wikipedia.org/wiki/Archduke_Friedrich,_Duke_of_Teschen
https://en.wikipedia.org/wiki/Maximilian_I,_Holy_Roman_Emperor https://en.wikipedia.org/wiki/Archduke_Charles_Stephen_of_Austria
https://en.wikipedia.org/wiki/Maximilian_I,_Holy_Roman_Emperor https://en.wikipedia.org/wiki/Archduke_Eugen_of_Austria
https://en.wikipedia.org/wiki/Maximilian_I,_Holy_Roman_Emperor https://en.wikipedia.org/wiki/Archduke_Joseph_August_of_Austria
https://en.wikipedia.org/wiki/Maximilian_I,_Holy_Roman_Emperor https://en.wikipedia.org/wiki/Rudolf,_Crown_Prince_of_Austria
https://en.wikipedia.org/wiki/Maximilian_I,_Holy_Roman_Emperor https://en.wikipedia.org/wiki/Archduke_Franz_Ferdinand_of_Austria
https://en.wikipedia.org/wiki/Maximilian_I,_Holy_Roman_Emperor https://en.wikipedia.org/wiki/Archduke_Otto_of_Austria_(1865%E2%80%931906)
https://en.wikipedia.org/wiki/Maximilian_I,_Holy_Roman_Emperor https://en.wikipedia.org/wiki/Archduke_Ferdinand_Karl_of_Austria
https://en.wikipedia.org/wiki/Maximilian_I,_Holy_Roman_Emperor https://en.wikipedia.org/wiki/Archduke_Leopold_Ferdinand_of_Austria
https://en.wikipedia.org/wiki/Maximilian_I,_Holy_Roman_Emperor https://en.wikipedia.org/wiki/Archduke_Joseph_Ferdinand_of_Austria
https://en.wikipedia.org/wiki/Maximilian_I,_Holy_Roman_Emperor https://en.wikipedia.org/wiki/Archduke_Peter_Ferdinand_of_Austria
https://en.wikipedia.org/wiki/Maximilian_I,_Holy_Roman_Emperor https://en.wikipedia.org/wiki/Archduke_Leopold_Salvator_of_Austria
https://en.wikipedia.org/wiki/Maximilian_I,_Holy_Roman_Emperor https://en.wikipedia.org/wiki/Archduke_Franz_Salvator_of_Austria
https://en.wikipedia.org/wiki/Maximilian_I,_Holy_Roman_Emperor https://en.wikipedia.org/wiki/Archduke_Albrecht_Franz,_Duke_of_Teschen
https://en.wikipedia.org/wiki/Maximilian_I,_Holy_Roman_Emperor https://en.wikipedia.org/wiki/Archduke_Karl_Albrecht_of_Austria
https://en.wikipedia.org/wiki/Maximilian_I,_Holy_Roman_Emperor https://en.wikipedia.org/wiki/Archduke_Leo_Karl_of_Austria
https://en.wikipedia.org/wiki/Maximilian_I,_Holy_Roman_Emperor https://en.wikipedia.org/wiki/Archduke_Wilhelm_of_Austria
https://en.wikipedia.org/wiki/Maximilian_I,_Holy_Roman_Emperor https://en.wikipedia.org/wiki/Archduke_Joseph_Francis_of_Austria
https://en.wikipedia.org/wiki/Maximilian_I,_Holy_Roman_Emperor https://en.wikipedia.org/wiki/Charles_I_of_Austria
https://en.wikipedia.org/wiki/Maximilian_I,_Holy_Roman_Emperor https://en.wikipedia.org/wiki/Archduke_Maximilian_Eugen_of_Austria
https://en.wikipedia.org/wiki/Maximilian_I,_Holy_Roman_Emperor https://en.wikipedia.org/wiki/Archduke_Gottfried_of_Austria
https://en.wikipedia.org/wiki/Maximilian_I,_Holy_Roman_Emperor https://en.wikipedia.org/wiki/Archduke_Rainer_of_Austria_(1895%E2%80%931930)
https://en.wikipedia.org/wiki/Maximilian_I,_Holy_Roman_Emperor https://en.wikipedia.org/wiki/Archduke_Anton_of_Austria
https://en.wikipedia.org/wiki/Maximilian_I,_Holy_Roman_Emperor https://en.wikipedia.org/wiki/Archduke_Karl_Pius_of_Austria,_Prince_of_Tuscany
https://en.wikipedia.org/wiki/Maximilian_I,_Holy_Roman_Emperor https://en.wikipedia.org/wiki/Archduke_Hubert_Salvator_of_Austria
https://en.wikipedia.org/wiki/Maximilian_I,_Holy_Roman_Emperor https://en.wikipedia.org/wiki/Archduke_Joseph_%C3%81rp%C3%A1d_of_Austria
https://en.wikipedia.org/wiki/Maximilian_I,_Holy_Roman_Emperor https://en.wikipedia.org/wiki/Archduke_G%C3%A9za_of_Austria
https://en.wikipedia.org/wiki/Maximilian_I,_Holy_Roman_Emperor https://en.wikipedia.org/wiki/Otto_von_Habsburg
https://en.wikipedia.org/wiki/Maximilian_I,_Holy_Roman_Emperor https://en.wikipedia.org/wiki/Robert,_Archduke_of_Austria-Este
https://en.wikipedia.org/wiki/Maximilian_I,_Holy_Roman_Emperor https://en.wikipedia.org/wiki/Archduke_Felix_of_Austria
https://en.wikipedia.org/wiki/Maximilian_I,_Holy_Roman_Emperor https://en.wikipedia.org/wiki/Archduke_Carl_Ludwig_of_Austria_(1918%E2%80%932007)
https://en.wikipedia.org/wiki/Maximilian_I,_Holy_Roman_Emperor https://en.wikipedia.org/wiki/Archduke_Rudolf_of_Austria_(1919%E2%80%932010)
https://en.wikipedia.org/wiki/Maximilian_I,_Holy_Roman_Emperor https://en.wikipedia.org/wiki/Archduke_Leopold_Franz_of_Austria
https://en.wikipedia.org/wiki/Maximilian_I,_Holy_Roman_Emperor https://en.wikipedia.org/wiki/Archduke_Stefan_of_Austria
https://en.wikipedia.org/wiki/Maximilian_I,_Holy_Roman_Emperor https://en.wikipedia.org/wiki/Dominic_von_Habsburg
https://en.wikipedia.org/wiki/Maximilian_I,_Holy_Roman_Emperor https://en.wikipedia.org/wiki/Archduke_Markus_Emanuel_Salvator_of_Austria
https://en.wikipedia.org/wiki/Maximilian_I,_Holy_Roman_Emperor https://en.wikipedia.org/wiki/Eduard_von_Habsburg
https://en.wikipedia.org/wiki/Maximilian_I,_Holy_Roman_Emperor https://en.wikipedia.org/wiki/Karl_von_Habsburg
https://en.wikipedia.org/wiki/Maximilian_I,_Holy_Roman_Emperor https://en.wikipedia.org/wiki/Georg_von_Habsburg
https://en.wikipedia.org/wiki/Maximilian_I,_Holy_Roman_Emperor https://en.wikipedia.org/wiki/Prince_Lorenz_of_Belgium,_Archduke_of_Austria-Este
https://en.wikipedia.org/wiki/Maximilian_I,_Holy_Roman_Emperor https://en.wikipedia.org/wiki/Archduke_Carl_Christian_of_Austria
https://en.wikipedia.org/wiki/Maximilian_I,_Holy_Roman_Emperor https://en.wikipedia.org/wiki/Archduke_Simeon_of_Austria
https://en.wikipedia.org/wiki/Maximilian_I,_Holy_Roman_Emperor https://en.wikipedia.org/wiki/Archduke_Sigismund,_Grand_Duke_of_Tuscany
https://en.wikipedia.org/wiki/Maximilian_I,_Holy_Roman_Emperor https://en.wikipedia.org/wiki/Ferdinand_Zvonimir_von_Habsburg
https://en.wikipedia.org/wiki/Maximilian_I,_Holy_Roman_Emperor https://en.wikipedia.org/wiki/Karl-Konstantin_von_Habsburg
https://en.wikipedia.org/wiki/Maximilian_I,_Holy_Roman_Emperor https://en.wikipedia.org/wiki/Prince_Amedeo_of_Belgium,_Archduke_of_Austria-Este
https://en.wikipedia.org/wiki/Maximilian_I,_Holy_Roman_Emperor https://en.wikipedia.org/wiki/Prince_Joachim_of_Belgium,_Archduke_of_Austria-Este
https://en.wikipedia.org/wiki/Maximilian_I,_Holy_Roman_Emperor https://en.wikipedia.org/wiki/Biblioteca_Nacional_de_Espa%C3%B1a
https://en.wikipedia.org/wiki/Maximilian_I,_Holy_Roman_Emperor https://en.wikipedia.org/wiki/Biografisch_Portaal
https://en.wikipedia.org/wiki/Maximilian_I,_Holy_Roman_Emperor https://en.wikipedia.org/wiki/Integrated_Authority_File
https://en.wikipedia.org/wiki/Maximilian_I,_Holy_Roman_Emperor https://en.wikipedia.org/wiki/Historical_Dictionary_of_Switzerland
https://en.wikipedia.org/wiki/Maximilian_I,_Holy_Roman_Emperor https://en.wikipedia.org/wiki/International_Standard_Name_Identifier
https://en.wikipedia.org/wiki/Maximilian_I,_Holy_Roman_Emperor https://en.wikipedia.org/wiki/Library_of_Congress_Control_Number
https://en.wikipedia.org/wiki/Maximilian_I,_Holy_Roman_Emperor https://en.wikipedia.org/wiki/National_Diet_Library
https://en.wikipedia.org/wiki/Maximilian_I,_Holy_Roman_Emperor https://en.wikipedia.org/wiki/National_Library_of_the_Czech_Republic
https://en.wikipedia.org/wiki/Maximilian_I,_Holy_Roman_Emperor https://en.wikipedia.org/wiki/LIBRIS
https://en.wikipedia.org/wiki/Maximilian_I,_Holy_Roman_Emperor https://en.wikipedia.org/wiki/Union_List_of_Artist_Names
https://en.wikipedia.org/wiki/Maximilian_I,_Holy_Roman_Emperor https://en.wikipedia.org/wiki/Virtual_International_Authority_File
https://en.wikipedia.org/wiki/Maximilian_I,_Holy_Roman_Emperor https://en.wikipedia.org/wiki/WorldCat_Identities
