https://en.wikipedia.org/wiki/Providence_petrel https://en.wikipedia.org/wiki/Mount_Gower
https://en.wikipedia.org/wiki/Providence_petrel https://en.wikipedia.org/wiki/Conservation_status
https://en.wikipedia.org/wiki/Providence_petrel https://en.wikipedia.org/wiki/Vulnerable_species
https://en.wikipedia.org/wiki/Providence_petrel https://en.wikipedia.org/wiki/Taxonomy_(biology)
https://en.wikipedia.org/wiki/Providence_petrel https://en.wikipedia.org/wiki/Animal
https://en.wikipedia.org/wiki/Providence_petrel https://en.wikipedia.org/wiki/Chordate
https://en.wikipedia.org/wiki/Providence_petrel https://en.wikipedia.org/wiki/Bird
https://en.wikipedia.org/wiki/Providence_petrel https://en.wikipedia.org/wiki/Procellariidae
https://en.wikipedia.org/wiki/Providence_petrel https://en.wikipedia.org/wiki/Gadfly_petrel
https://en.wikipedia.org/wiki/Providence_petrel https://en.wikipedia.org/wiki/Binomial_nomenclature
https://en.wikipedia.org/wiki/Providence_petrel https://en.wikipedia.org/wiki/John_Gould
https://en.wikipedia.org/wiki/Providence_petrel https://en.wikipedia.org/wiki/Burrow_nest
https://en.wikipedia.org/wiki/Providence_petrel https://en.wikipedia.org/wiki/Australia
https://en.wikipedia.org/wiki/Providence_petrel https://en.wikipedia.org/wiki/Tasman_Sea
https://en.wikipedia.org/wiki/Providence_petrel https://en.wikipedia.org/wiki/Phillip_Island_(Norfolk_Island)
https://en.wikipedia.org/wiki/Providence_petrel https://en.wikipedia.org/wiki/Pigeon
https://en.wikipedia.org/wiki/Providence_petrel https://en.wikipedia.org/wiki/Norfolk_Island
https://en.wikipedia.org/wiki/Providence_petrel https://en.wikipedia.org/wiki/Convicts_in_Australia
https://en.wikipedia.org/wiki/Providence_petrel https://en.wikipedia.org/wiki/Lord_Howe_rail
https://en.wikipedia.org/wiki/Providence_petrel https://en.wikipedia.org/wiki/Rat
https://en.wikipedia.org/wiki/Providence_petrel https://en.wikipedia.org/wiki/Daniel_Solander
https://en.wikipedia.org/wiki/Providence_petrel https://en.wikipedia.org/wiki/International_Union_for_Conservation_of_Nature
https://en.wikipedia.org/wiki/Providence_petrel https://en.wikipedia.org/wiki/Wikidata
https://en.wikipedia.org/wiki/Providence_petrel https://en.wikipedia.org/wiki/Wikispecies
https://en.wikipedia.org/wiki/Providence_petrel https://en.wikipedia.org/wiki/Animal_Diversity_Web
https://en.wikipedia.org/wiki/Providence_petrel https://en.wikipedia.org/wiki/ARKive
https://en.wikipedia.org/wiki/Providence_petrel https://en.wikipedia.org/wiki/EBird
https://en.wikipedia.org/wiki/Providence_petrel https://en.wikipedia.org/wiki/Encyclopedia_of_Life
https://en.wikipedia.org/wiki/Providence_petrel https://en.wikipedia.org/wiki/Global_Biodiversity_Information_Facility
https://en.wikipedia.org/wiki/Providence_petrel https://en.wikipedia.org/wiki/INaturalist
https://en.wikipedia.org/wiki/Providence_petrel https://en.wikipedia.org/wiki/Interim_Register_of_Marine_and_Nonmarine_Genera
https://en.wikipedia.org/wiki/Providence_petrel https://en.wikipedia.org/wiki/Integrated_Taxonomic_Information_System
https://en.wikipedia.org/wiki/Providence_petrel https://en.wikipedia.org/wiki/National_Center_for_Biotechnology_Information
https://en.wikipedia.org/wiki/Providence_petrel https://en.wikipedia.org/wiki/SeaLifeBase
https://en.wikipedia.org/wiki/Providence_petrel https://en.wikipedia.org/wiki/World_Register_of_Marine_Species
